7.000000000000000666e-02 6.900000000000000000e+01 2.146732064068546109e+01
8.999999999999999667e-02 6.900000000000000000e+01 1.445706152100419395e+01
1.199999999999999956e-01 6.859999999999999432e+01 2.715155035311397924e+01
1.700000000000000122e-01 8.300000000000000000e+01 1.109763049797568257e+01
1.791000000000000092e-01 7.500000000000000000e+01 7.957968098076292129e+00
1.993000000000000049e-01 7.500000000000000000e+01 8.504660854496199462e+00
2.000000000000000111e-01 7.290000000000000568e+01 3.034593752113946863e+01
2.700000000000000178e-01 7.700000000000000000e+01 1.568078887078070416e+01
2.800000000000000266e-01 8.879999999999999716e+01 3.749545041534506140e+01
3.518999999999999906e-01 8.300000000000000000e+01 1.593626888609752257e+01
3.801999999999999824e-01 8.300000000000000000e+01 1.551897073665441162e+01
4.000000000000000222e-01 9.500000000000000000e+01 1.920886155528224037e+01
4.003999999999999782e-01 7.700000000000000000e+01 1.251508580838277496e+01
4.247000000000000219e-01 8.709999999999999432e+01 1.400956059852230240e+01
4.496999999999999886e-01 9.279999999999999716e+01 1.565331810261627510e+01
4.699999999999999734e-01 8.900000000000000000e+01 5.031019021192227569e+01
4.783000000000000029e-01 8.090000000000000568e+01 1.181877111479150066e+01
4.799999999999999822e-01 9.700000000000000000e+01 6.267861674947445039e+01
5.928999999999999826e-01 1.040000000000000000e+02 1.612308178186323815e+01
6.796999999999999709e-01 9.200000000000000000e+01 1.127489689972491682e+01
7.812000000000000055e-01 1.050000000000000000e+02 1.457894426760086226e+01
8.753999999999999559e-01 1.250000000000000000e+02 1.886171174522609562e+01
8.800000000000000044e-01 9.000000000000000000e+01 4.043407687718367782e+01
9.000000000000000222e-01 1.170000000000000000e+02 2.429948726964213179e+01
1.036999999999999922e+00 1.540000000000000000e+02 2.269358650461191118e+01
1.300000000000000044e+00 1.680000000000000000e+02 2.022802845163116814e+01
1.362999999999999989e+00 1.600000000000000000e+02 3.518547765009877537e+01
1.429999999999999938e+00 1.770000000000000000e+02 2.138528473207218994e+01
1.530000000000000027e+00 1.400000000000000000e+02 1.671835075598068698e+01
1.750000000000000000e+00 2.020000000000000000e+02 4.211698158083031274e+01
1.965000000000000080e+00 1.865000000000000000e+02 5.184925510007351335e+01
